010100
111100
234100
111111
111110
000011
000001
110112010100
111100
234100
111111
111110
000011
000001
110112010100
111100
234100
111111
111110
000011
000001
110112010100
111100
234100
111111
111110
000011
000001
110112010100
111100
234100
111111
111110
000011
000001
110112010100
111100
234100
111111
111110
000011
000001
110112010100
111100
234100
111111
111110
000011
000001
110112010100
111100
234100
111111
111110
000011
000001
110112010100
111100
234100
111111
111110
000011
000001
110112010100
111100
234100
01100
111111
111110
000011
000001
110112
